38 0.594531 0.425059 0.0578125 0.208431
38 0.863281 0.654567 0.107813 0.334895
38 0.522656 0.41452 0.0578125 0.107728
38 0.667188 0.495316 0.08125 0.114754
38 0.925781 0.741218 0.0296875 0.0772834
0 0.369531 0.386417 0.107813 0.224824
38 0.636719 0.601874 0.132812 0.299766
38 0.796094 0.449649 0.0703125 0.135831
38 0.346094 0.577283 0.0859375 0.325527
38 0.513281 0.459016 0.0453125 0.163934
0 0.396875 0.419204 0.0625 0.290398
38 0.389844 0.454333 0.0421875 0.145199
38 0.523438 0.415691 0.034375 0.0772834
38 0.255469 0.466042 0.0390625 0.0702576
0 0.244531 0.36534 0.0546875 0.159251
0 0.127344 0.470726 0.0671875 0.407494
38 0.334375 0.415691 0.0375 0.0491803
0 0.477344 0.43911 0.0921875 0.339578
0 0.523438 0.370023 0.071875 0.224824
38 0.682031 0.487119 0.0515625 0.0702576
0 0.592188 0.4274 0.06875 0.311475
0 0.729688 0.496487 0.071875 0.407494
0 0.189063 0.477752 0.06875 0.40281
38 0.789062 0.435597 0.046875 0.0796253
0 0.3375 0.377049 0.071875 0.210773
0 0.634375 0.604215 0.134375 0.309133
38 0.596094 0.432084 0.0515625 0.0819672
0 0.548437 0.569087 0.08125 0.355972
0 0.865625 0.64637 0.1125 0.332553
0 0.288281 0.460187 0.0546875 0.405152
0 0.665625 0.411007 0.090625 0.283372
38 0.538281 0.666276 0.0296875 0.185012
0 0.345313 0.566745 0.096875 0.323185
0 0.794531 0.394614 0.0765625 0.255269
38 0.858594 0.747073 0.0609375 0.154567
38 0.196875 0.656909 0.05625 0.180328
38 0.349219 0.640515 0.0578125 0.199063
0 0.769531 0.641686 0.101562 0.351288
0 0.432031 0.563232 0.126563 0.372365
0 0.934375 0.632318 0.1 0.313817
38 0.128125 0.457845 0.059375 0.161592
0 0.223438 0.567916 0.1 0.325527
0 0.939062 0.406323 0.11875 0.283372
0 0.870313 0.398126 0.084375 0.295082
0 0.0492188 0.469555 0.0859375 0.442623
