0 0.838281 0.0925059 0.0296875 0.0913349
0 0.658594 0.169789 0.0671875 0.175644
24 0.785937 0.269321 0.071875 0.196721
0 0.499219 0.264637 0.0890625 0.370023
0 0.942187 0.129977 0.046875 0.0866511
0 0.966406 0.461358 0.0671875 0.64637
3 0.346875 0.63466 0.659375 0.716628
0 0.447656 0.249415 0.0546875 0.236534
0 0.74375 0.129977 0.05625 0.114754
0 0.697656 0.388759 0.101562 0.58548
0 0.582812 0.30445 0.13125 0.360656
0 0.202344 0.344262 0.135937 0.266979
0 0.283594 0.290398 0.120312 0.374707
0 0.357031 0.343091 0.0734375 0.348946
0 0.771875 0.409836 0.128125 0.679157
0 0.895312 0.459016 0.165625 0.918033
